lend_btc
201803151516 0.00000585
201803151516 0.00000586
201803151516 0.00000586
201803151516 0.00000586
201803151516 0.00000586
201803151517 0.00000584
201803151517 0.00000584
201803151517 0.00000584
201803151517 0.00000584
201803151517 0.00000584
201803151517 0.00000584
201803151518 0.00000585
201803151518 0.00000585
201803151518 0.00000585
201803151518 0.00000585
201803151518 0.00000585
201803151518 0.00000585
201803151518 0.00000585
201803151518 0.00000585
201803151518 0.00000585
201803151518 0.00000584
201803151519 0.00000584
201803151519 0.00000584
201803151519 0.00000584
201803151519 0.00000584
201803151519 0.00000584
201803151519 0.00000584
201803151519 0.00000584
201803151519 0.00000583
201803151519 0.00000583
201803151519 0.00000583
201803151519 0.00000583
201803151520 0.00000583
201803151520 0.00000583
201803151521 0.00000583
201803151524 0.00000583
201803151524 0.00000582
201803151527 0.00000580
201803151527 0.00000580
201803151527 0.00000580
201803151527 0.00000580
201803151527 0.00000580
201803151527 0.00000580
201803151527 0.00000580
201803151527 0.00000580
201803151527 0.00000580
201803151527 0.00000580
201803151527 0.00000580
201803151527 0.00000579
201803151527 0.00000580
201803151527 0.00000580
201803151527 0.00000579
201803151527 0.00000580
201803151527 0.00000579
201803151527 0.00000580
201803151527 0.00000580
201803151527 0.00000580
201803151527 0.00000579
201803151527 0.00000579
201803151528 0.00000580
201803151528 0.00000580
201803151528 0.00000580
201803151528 0.00000578
201803151528 0.00000578
201803151528 0.00000578
201803151528 0.00000577
201803151529 0.00000577
201803151530 0.00000580
201803151530 0.00000580
201803151530 0.00000580
201803151530 0.00000579
201803151535 0.00000582
201803151537 0.00000582
201803151538 0.00000582
201803151538 0.00000582
201803151540 0.00000580
201803151540 0.00000582
201803151540 0.00000582
201803151540 0.00000581
201803151540 0.00000580
201803151540 0.00000580
201803151541 0.00000581
201803151541 0.00000581
201803151541 0.00000581
201803151542 0.00000582
201803151543 0.00000583
201803151543 0.00000583
201803151543 0.00000583
201803151543 0.00000583
201803151544 0.00000582
201803151544 0.00000581
201803151544 0.00000580
201803151545 0.00000581
201803151546 0.00000581
201803151550 0.00000583
201803151550 0.00000583
201803151551 0.00000583
201803151551 0.00000583
201803151552 0.00000583
201803151553 0.00000583
201803151556 0.00000581
201803151556 0.00000580
201803151556 0.00000580
201803151556 0.00000583
201803151601 0.00000583
201803151601 0.00000583
201803151601 0.00000583
201803151606 0.00000580
201803151606 0.00000583
201803151606 0.00000583
201803151606 0.00000583
201803151606 0.00000584
201803151607 0.00000584
201803151607 0.00000584
201803151608 0.00000586
201803151608 0.00000587
201803151609 0.00000585
201803151609 0.00000585
201803151609 0.00000585
201803151609 0.00000585
201803151609 0.00000585
201803151609 0.00000585
201803151610 0.00000587
201803151610 0.00000588
201803151611 0.00000585
201803151612 0.00000585
201803151617 0.00000583
201803151617 0.00000584
201803151617 0.00000583
201803151617 0.00000583
201803151617 0.00000581
201803151622 0.00000585
201803151624 0.00000584
201803151625 0.00000584
201803151628 0.00000581
201803151628 0.00000581
201803151628 0.00000580
201803151628 0.00000582
201803151629 0.00000582
201803151629 0.00000583
201803151629 0.00000584
201803151629 0.00000584
201803151630 0.00000582
201803151630 0.00000582
201803151631 0.00000583
201803151632 0.00000583
201803151632 0.00000585
201803151632 0.00000586
201803151632 0.00000586
201803151632 0.00000584
201803151634 0.00000586
201803151634 0.00000584
201803151635 0.00000584
201803151635 0.00000584
201803151636 0.00000584
201803151636 0.00000584
201803151636 0.00000584
201803151636 0.00000584
201803151639 0.00000586
201803151639 0.00000586
201803151639 0.00000586
201803151640 0.00000584
201803151640 0.00000584
201803151640 0.00000584
201803151640 0.00000584
201803151642 0.00000584
201803151643 0.00000584
201803151644 0.00000586
201803151644 0.00000586
201803151644 0.00000584
201803151644 0.00000586
201803151645 0.00000586
201803151646 0.00000584
201803151646 0.00000584
201803151646 0.00000584
201803151646 0.00000584
201803151646 0.00000584
201803151646 0.00000584
201803151646 0.00000584
201803151646 0.00000583
201803151647 0.00000584
201803151647 0.00000584
201803151647 0.00000586
201803151647 0.00000587
201803151647 0.00000587
201803151647 0.00000587
201803151647 0.00000587
201803151647 0.00000587
201803151647 0.00000587
201803151647 0.00000587
201803151647 0.00000587
201803151647 0.00000587
201803151648 0.00000584
201803151648 0.00000586
201803151648 0.00000587
201803151649 0.00000585
201803151650 0.00000586
201803151650 0.00000586
201803151651 0.00000586
201803151651 0.00000587
201803151651 0.00000585
201803151651 0.00000584
201803151651 0.00000584
201803151651 0.00000585
201803151651 0.00000585
201803151651 0.00000585
201803151653 0.00000585
201803151653 0.00000585
201803151653 0.00000585
201803151653 0.00000585
201803151653 0.00000585
201803151653 0.00000585
201803151653 0.00000585
201803151653 0.00000584
201803151654 0.00000584
201803151654 0.00000584
201803151654 0.00000583
201803151654 0.00000583
201803151654 0.00000583
201803151654 0.00000583
201803151655 0.00000583
201803151656 0.00000586
201803151656 0.00000586
201803151656 0.00000583
201803151657 0.00000586
201803151700 0.00000586
201803151700 0.00000586
201803151701 0.00000586
201803151703 0.00000585
201803151704 0.00000586
201803151704 0.00000587
201803151704 0.00000588
201803151704 0.00000588
201803151706 0.00000589
201803151706 0.00000589
201803151706 0.00000589
201803151706 0.00000589
201803151706 0.00000589
201803151707 0.00000590
201803151708 0.00000589
201803151708 0.00000589
201803151708 0.00000590
201803151708 0.00000592
201803151708 0.00000587
201803151709 0.00000587
201803151709 0.00000587
201803151709 0.00000587
201803151709 0.00000587
201803151709 0.00000587
201803151709 0.00000587
201803151709 0.00000587
201803151709 0.00000587
201803151709 0.00000587
201803151709 0.00000587
201803151709 0.00000587
201803151710 0.00000589
201803151710 0.00000589
201803151710 0.00000589
201803151710 0.00000589
201803151710 0.00000589
201803151710 0.00000589
201803151711 0.00000590
201803151711 0.00000590
201803151711 0.00000590
201803151711 0.00000589
201803151711 0.00000588
201803151711 0.00000588
201803151711 0.00000587
201803151711 0.00000585
201803151711 0.00000584
201803151711 0.00000584
201803151711 0.00000584
201803151711 0.00000583
201803151711 0.00000583
201803151711 0.00000583
201803151711 0.00000581
201803151711 0.00000581
201803151711 0.00000581
201803151712 0.00000591
201803151712 0.00000587
201803151712 0.00000587
201803151712 0.00000587
201803151713 0.00000584
201803151713 0.00000581
201803151713 0.00000581
201803151713 0.00000587
201803151713 0.00000587
201803151713 0.00000587
201803151713 0.00000588
201803151718 0.00000588
201803151718 0.00000588
201803151718 0.00000588
201803151718 0.00000588
201803151719 0.00000588
201803151719 0.00000588
201803151719 0.00000589
201803151719 0.00000590
201803151719 0.00000590
201803151720 0.00000590
201803151720 0.00000587
201803151720 0.00000586
201803151720 0.00000586
201803151721 0.00000588
201803151721 0.00000591
201803151721 0.00000592
201803151721 0.00000592
201803151721 0.00000593
201803151721 0.00000594
201803151721 0.00000594
201803151721 0.00000594
201803151721 0.00000595
201803151721 0.00000595
201803151721 0.00000595
201803151721 0.00000595
201803151721 0.00000595
201803151721 0.00000595
201803151721 0.00000590
201803151721 0.00000590
201803151721 0.00000593
201803151721 0.00000593
201803151722 0.00000589
201803151722 0.00000593
201803151722 0.00000593
201803151722 0.00000593
201803151722 0.00000593
201803151722 0.00000590
201803151722 0.00000593
201803151722 0.00000593
201803151722 0.00000593
201803151722 0.00000593
201803151722 0.00000592
201803151722 0.00000593
201803151722 0.00000593
201803151722 0.00000595
201803151722 0.00000592
201803151722 0.00000592
201803151722 0.00000592
201803151722 0.00000592
201803151722 0.00000592
201803151722 0.00000590
201803151722 0.00000589
201803151722 0.00000590
201803151722 0.00000594
201803151722 0.00000596
201803151722 0.00000596
201803151722 0.00000596
201803151722 0.00000596
201803151722 0.00000596
201803151722 0.00000596
201803151723 0.00000591
201803151723 0.00000593
201803151723 0.00000593
201803151723 0.00000592
201803151723 0.00000591
201803151724 0.00000591
201803151724 0.00000591
201803151724 0.00000595
201803151724 0.00000595
201803151724 0.00000591
201803151724 0.00000591
201803151724 0.00000591
201803151724 0.00000591
201803151725 0.00000595
201803151725 0.00000595
201803151725 0.00000594
201803151725 0.00000595
201803151725 0.00000595
201803151725 0.00000595
201803151726 0.00000592
201803151726 0.00000595
201803151726 0.00000592
201803151726 0.00000592
201803151726 0.00000592
201803151726 0.00000594
201803151726 0.00000595
201803151726 0.00000595
201803151727 0.00000595
201803151730 0.00000595
201803151730 0.00000595
201803151730 0.00000596
201803151730 0.00000596
201803151730 0.00000597
201803151730 0.00000597
201803151730 0.00000596
201803151731 0.00000596
201803151731 0.00000597
201803151731 0.00000597
201803151731 0.00000597
201803151731 0.00000599
201803151731 0.00000599
201803151731 0.00000599
201803151731 0.00000600
201803151731 0.00000600
201803151731 0.00000600
201803151731 0.00000600
201803151731 0.00000600
201803151731 0.00000600
201803151731 0.00000603
201803151731 0.00000604
201803151731 0.00000604
201803151731 0.00000600
201803151731 0.00000602
201803151731 0.00000601
201803151731 0.00000602
201803151731 0.00000602
201803151731 0.00000601
201803151731 0.00000601
201803151731 0.00000601
201803151731 0.00000601
201803151731 0.00000602
201803151731 0.00000603
201803151731 0.00000603
201803151731 0.00000604
201803151731 0.00000604
201803151731 0.00000602
201803151731 0.00000602
201803151731 0.00000601
201803151731 0.00000605
201803151731 0.00000605
201803151732 0.00000605
201803151732 0.00000605
201803151732 0.00000605
201803151732 0.00000607
201803151732 0.00000607
201803151732 0.00000609
201803151732 0.00000609
201803151732 0.00000609
201803151732 0.00000610
201803151732 0.00000606
201803151732 0.00000606
201803151732 0.00000606
201803151732 0.00000606
201803151732 0.00000606
201803151733 0.00000606
201803151733 0.00000606
201803151733 0.00000605
201803151733 0.00000606
201803151733 0.00000607
201803151733 0.00000608
201803151733 0.00000606
201803151733 0.00000606
201803151733 0.00000605
201803151733 0.00000605
201803151733 0.00000605
201803151733 0.00000605
201803151733 0.00000606
201803151733 0.00000606
201803151734 0.00000605
201803151734 0.00000608
201803151734 0.00000608
201803151734 0.00000605
201803151734 0.00000605
201803151735 0.00000606
201803151735 0.00000606
201803151735 0.00000606
201803151736 0.00000602
201803151736 0.00000601
201803151736 0.00000601
201803151736 0.00000601
201803151737 0.00000606
201803151738 0.00000601
201803151739 0.00000606
201803151739 0.00000606
201803151739 0.00000606
201803151739 0.00000606
201803151739 0.00000606
201803151739 0.00000606
201803151740 0.00000605
201803151740 0.00000604
201803151741 0.00000604
201803151741 0.00000604
201803151745 0.00000604
201803151745 0.00000604
201803151747 0.00000604
201803151747 0.00000604
201803151747 0.00000603
201803151747 0.00000603
201803151747 0.00000601
201803151749 0.00000602
201803151749 0.00000602
201803151751 0.00000602
201803151751 0.00000602
201803151751 0.00000602
201803151751 0.00000601
201803151751 0.00000604
201803151751 0.00000604
201803151753 0.00000602
201803151753 0.00000601
201803151754 0.00000601
201803151754 0.00000600
201803151754 0.00000600
201803151754 0.00000600
201803151754 0.00000601
201803151754 0.00000601
201803151754 0.00000601
201803151754 0.00000600
201803151754 0.00000601
201803151754 0.00000601
201803151754 0.00000600
201803151754 0.00000601
{'201803151609': u'0.00000585', '201803151608': u'0.00000587', '201803151601': u'0.00000583', '201803151607': u'0.00000584', '201803151606': u'0.00000584', '201803151700': u'0.00000586', '201803151701': u'0.00000586', '201803151703': u'0.00000585', '201803151704': u'0.00000588', '201803151723': u'0.00000591', '201803151706': u'0.00000589', '201803151707': u'0.00000590', '201803151708': u'0.00000587', '201803151709': u'0.00000587', '201803151713': u'0.00000588', '201803151712': u'0.00000587', '201803151711': u'0.00000581', '201803151710': u'0.00000589', '201803151653': u'0.00000584', '201803151650': u'0.00000586', '201803151651': u'0.00000585', '201803151656': u'0.00000583', '201803151657': u'0.00000586', '201803151654': u'0.00000583', '201803151655': u'0.00000583', '201803151546': u'0.00000581', '201803151739': u'0.00000606', '201803151544': u'0.00000580', '201803151545': u'0.00000581', '201803151542': u'0.00000582', '201803151543': u'0.00000583', '201803151540': u'0.00000580', '201803151541': u'0.00000581', '201803151645': u'0.00000586', '201803151644': u'0.00000586', '201803151647': u'0.00000587', '201803151646': u'0.00000583', '201803151640': u'0.00000584', '201803151643': u'0.00000584', '201803151642': u'0.00000584', '201803151649': u'0.00000585', '201803151648': u'0.00000587', '201803151551': u'0.00000583', '201803151550': u'0.00000583', '201803151553': u'0.00000583', '201803151552': u'0.00000583', '201803151556': u'0.00000583', '201803151736': u'0.00000601', '201803151630': u'0.00000582', '201803151631': u'0.00000583', '201803151632': u'0.00000584', '201803151634': u'0.00000584', '201803151635': u'0.00000584', '201803151636': u'0.00000584', '201803151639': u'0.00000586', '201803151524': u'0.00000582', '201803151527': u'0.00000579', '201803151520': u'0.00000583', '201803151521': u'0.00000583', '201803151726': u'0.00000595', '201803151727': u'0.00000595', '201803151724': u'0.00000591', '201803151725': u'0.00000595', '201803151528': u'0.00000577', '201803151719': u'0.00000590', '201803151720': u'0.00000586', '201803151721': u'0.00000593', '201803151622': u'0.00000585', '201803151718': u'0.00000588', '201803151749': u'0.00000602', '201803151625': u'0.00000584', '201803151624': u'0.00000584', '201803151745': u'0.00000604', '201803151629': u'0.00000584', '201803151628': u'0.00000582', '201803151740': u'0.00000604', '201803151741': u'0.00000604', '201803151722': u'0.00000596', '201803151529': u'0.00000577', '201803151537': u'0.00000582', '201803151738': u'0.00000601', '201803151535': u'0.00000582', '201803151530': u'0.00000579', '201803151731': u'0.00000605', '201803151730': u'0.00000596', '201803151733': u'0.00000606', '201803151732': u'0.00000606', '201803151735': u'0.00000606', '201803151734': u'0.00000605', '201803151737': u'0.00000606', '201803151538': u'0.00000582', '201803151754': u'0.00000601', '201803151753': u'0.00000601', '201803151751': u'0.00000604', '201803151747': u'0.00000601', '201803151519': u'0.00000583', '201803151518': u'0.00000584', '201803151517': u'0.00000584', '201803151516': u'0.00000586', '201803151617': u'0.00000581', '201803151612': u'0.00000585', '201803151610': u'0.00000588', '201803151611': u'0.00000585'}
